1234
5555
1212
1997
1996
8888
1235
6666
1993
1236
1991
2121
1245
0808
9876
1986
1357
2020
1337
2255
1983
1793
2539
1980
3698
1224
1596
2013
2112
1211
5678
2046
8008
6425
1024
1017
6288
4268
0001
2014
1011
9111
7399
0505
2639
1227
1013
5674
2233
1971
1125
2583
4200
1597
1026
1968
1130
1018
2727
2006
0707
1144
5377
4569
2563
7272
1106
3131
0411
2552
5454
8585
1239
1007
1108
1119
0612
0815
1110
0412
0312
1477
2653
1101
0210
0921
2244
0520
0923
2324
1113
1458
0515
2508
2123
6789
1524
0927
0521
1005
0507
0724
0510
1415
7896
0503
2327
0331
1331
8899
1412
0926
0811
0611
3223
0328
0910
0810
0513
0221
9333
0517
4040
0509
1945
0508
0308
0722
8426
0125
1423
2212
1955
1358
0915
0613
0625
0925
1403
0805
0404
7827
2310
0228
0606
0304
0009
1951
3264
1118
2579
1512
0713
0712
0501
2406
1408
1510
0506
2532
0126
0806
0729
0614
5151
1551
1299
1469
8520
1417
6369
2325
2586
1406
6565
0103
3692
7285
0716
7575
2407
2528
8642
0817
5632
0011
0615
3258
0109
0905
2254
1237
7373
2546
1501
0116
0203
0717
3322
1526
1942
7326
0504
0906
2423
5757
1488
4466
8521
3826
1311
0088
2667
2145
3006
5258
6991
2547
8686
1901
2554
0204
1703
0111
5000
1435
0222
2568
1257
0518
2225
3278
1259
3647
0080
3311
7297
2017
0818
1305
3283
0800
0369
1463
2728
5299
5896
1473
5891
0012
2428
1701
5262
2306
7877
2425
2308
1506
2209
2535
2648
1255
0077
2529
5115
3838
1775
2313
0258
0901
1187
2748
1709
9639
7891
1804
1944
0730
8739
9966
1929
7590
2712
4658
2502
1821
3399
2272
2314
6547
1809
5223
3625
6736
2505
2677
1308
4753
1252
6225
2550
2726
3245
5309
2022
6661
2882
1177
1610
3221
3003
1302
9009
7290
7429
1603
3197
2416
1612
1099
1476
5284
1608
7263
2663
5653
1936
7625
4528
3673
9514
7931
5123
9797
1521
1604
6673
9515
1352
1708
2214
2697
7865
2521
2503
7669
2545
8738
2611
3011
3697
4652
4243
5800
5239
5533
2206
1933
1496
5585
0002
2789
1504
5399
4785
1626
1393
5287
2144
7246
1722
0020
7266
2320
5512
3510
4422
6662
4211
1830
1705
2398
1242
8990
1426
2421
2129
1605
2402
2387
5511
4758
1562
2130
3326
5820
2799
3111
6232
1170
1141
2195
1650
2420
2792
8890
8433
4125
4114
2336
2795
1902
1552
3355
3124
1347
6277
4592
2530
1342
2855
1537
3552
3991
3633
5256
2813
1890
2790
7889
5862
2284
1409
1687
4111
1382
2693
2690
2883
1168
1138
7447
2685
2285
7410
1089
2257
3007
1893
5528
8825
6000
2609
5286
5459
1932
3020
3231
1356
1280
7546
2533
2301
1490
3336
9877
8255
2364
2207
1533
2830
6462
1184
1142
8582
1926
8569
2231
9635
2905
5235
2708
5682
2804
3310
2379
3101
2241
3597
3282
1698
2080
2230
5553
7369
5325
6354
2286
2627
2634
1266
6633
9909
4421
3103
8252
1870
3300
6548
2118
2694
3200
9310
2180
6456
3551
2605
3005
2477
5273
5545
2515
9494
7771
5494
1158
0999
2707
0090
5359
0055
1661
1869
2097
1802
1287
1615
1447
5277
2904
7325
8088
8891
1180
1319
1820
2798
2743
9865
2126
4376
1274
2603
2858
7860
1625
1601
3626
1194
1726
4596
2691
7298
2787
5342
1061
7226
9998
9270
1621
5855
3515
2590
1634
2368
5231
0879
3008
9821
6622
5243
1797
1195
2381
0500
7210
1734
3621
3492
6556
1606
3721
6266
1573
3764
1077
1174
2875
6635
1182
1547
3248
4227
1283
3117
8263
8868
1341
4925
6665
1482
1079
7375
2831
7384
6595
9527
4585
5297
2240
5288
1047
2143
1548
2740
8528
2574
9210
2186
3217
3664
1563
1354
5499
3107
6886
4445
1756
7296
3969
5546
3001
3327
2869
1704
2132
4849
2899
2388
2766
3562
1038
2169
2679
4786
4555
3773
5650
4044
1880
2689
2472
2088
6398
2438
4228
5435
9233
3150
0897
4511
5386
3009
4526
7119
1628
0856
1378
2197
5664
3667
1528
4475
1833
8424
5729
0894
2050
2165
6566
6177
4597
3294
8844
4999
9789
2843
4423
8812
3236
5641
3303
7663
1495
1043
4520
7235
0234
4654
2027
1645
9812
3528
2198
4410
5824
5597
5368
5453
3334
5541
1281
6211
2055
4232
6261
4553
7776
0890
2822
4322
4277
3291
4291
9293
1345
2682
1571
2353
1514
8978
6564
3201
6278
3655
3371
1814
0135
1780
1439
1335
4723
7672
0866
6529
1466
6678
7336
2784
7223
7812
2896
2699
3853
1862
3490
2238
5184
5530
9622
4698
9685
1680
5811
7231
8823
8120
5867
5856
2713
8629
3261
7779
2865
2996
7441
0863
3407
5338
3251
4420
5174
4795
7271
4572
0229
9305
3794
0289
4122
3140
3452
7234
5647
2475
8778
1165
2794
6664
8579
4427
3595
2561
2137
5367
3509
9221
8856
6293
2995
2294
6958
3130
5911
2742
5484
2279
5300
5458
9189
1491
6584
8114
5594
6521
8565
3033
7050
4474
5434
3486
6965
5344
4728
2902
2613
3651
1419
4055
8725
7292
8790
6995
7529
3274
9466
6163
3157
0255
4194
2982
7666
6222
3273
9123
6601
5895
3567
8665
5833
2194
3635
6005
9701
8688
8783
2462
8323
3623
2833
5329
4624
4132
5470
0360
1622
5873
4775
3171
2821
5563
5443
3242
1353
7121
3284
6258
6924
4235
6873
4492
5808
6126
5622
7435
3069
4529
7239
4310
5535
1384
5136
5247
4417
2759
7741
4189
5936
2187
9881
4188
7463
1834
7662
9674
0998
4416
5220
1078
0391
4064
8697
8108
1784
2973
2993
1733
5155
1847
6879
3883
3532
7641
9638
1848
3385
7355
4012
5011
8645
8482
2647
9597
0198
3459
5934
2441
8369
1082
5868
1873
8536
4996
2668
7105
7511
5928
8610
2720
3726
5447
6199
4197
4204
9928
2116
2367
6954
8212
7793
3581
3013
0087
3328
0075
2045
4345
3995
1731
0019
4280
1581
9008
9253
1556
4360
9802
5133
4370
8925
4115
2071
4611
3387
4000
3354
9523
8184
6371
8766
3792
8592
5029
9498
4326
8110
3346
2951
4510
7627
4757
1856
3463
6827
7604
1052
5218
6119
3610
7071
3559
2786
2089
8391
3060
3384
9139
2778
6240
7312
1751
8023
8848
2170
1827
1481
3089
6567
4435
3672
2741
5762
1577
7885
5538
9296
3017
0742
9501
4516
3821
9265
1652
7145
2885
0546
8677
7392
9721
9182
8192
4514
0962
2135
6334
2848
7008
4353
0450
3541
4537
7963
9614
3728
2181
3537
5648
6241
9732
8257
6531
2374
7522
6829
2095
8311
5954
5400
2928
9810
6609
9255
4650
2762
6726
9448
5780
3031
3545
7390
6984
5240
4990
8911
0240
4365
3903
4217
6401
1162
0100
1844
3409
5908
6511
7228
5418
1876
7486
3156
0200
2872
7821
6683
7381
7413
7300
3276
3307
3812
5372
7729
0142
7712
8213
4319
9662
9124
5592
2490
3381
8992
1863
5791
4659
4551
5158
9550
3518
8376
1781
6001
3296
5952
2035
5420
0079
8802
1544
7260
3272
0045
9650
5537
4621
9098
1264
0389
5170
4583
1449
5013
6308
9777
6585
2049
6339
4638
4452
5004
1766
2449
7757
6459
5812
8142
3244
9010
3893
8355
3628
4070
6742
6202
7679
4880
7479
9201
1640
6394
6379
3345
0287
3356
4798
4127
7398
4199
9531
9082
7983
6296
7990
0274
8514
3465
0292
3227
5542
1886
0750
8975
9555
7068
4986
8611
8421
7002
4334
5819
1735
0592
6492
3818
7362
0476
2471
2042
0182
7444
2932
2700
7072
6865
9209
3483
5228
7688
1752
4767
9684
9041
1576
4333
1351
7519
7598
0396
5980
2646
9129
6855
8501
1613
8101
6014
4305
4724
5319
3177
5495
2454
4051
0975
7824
7780
2985
9710
3071
5742
9171
3519
2763
8903
2565
2818
1048
3181
8148
3077
6412
2444
2816
4306
6009
1648
0189
8717
8621
2081
3804
6555
1779
8004
1879
5586
4485
4975
6909
5424
7146
8350
8050
3420
5942
4406
2184
0382
5195
6228
5306
6368
8571
2051
6213
3953
7805
5721
6638
6510
5781
4467
9032
9118
0073
4091
7361
3495
3470
3806
4895
5700
4178
2862
0689
4656
0799
2153
9313
1831
8636
8923
6166
4693
3380
7732
0098
3252
9687
6130
3023
8286
6236
0298
2849
4600
7527
4987
8682
7642
9369
6238
6365
0587
4856
7374
4335
3288
5815
3584
5066
3832
8664
7710
7364
7461
9994
9939
0028
0294
5149
5618
9905
3196
1747
3674
8347
2916
7550
3376
6217
6675
5237
5787
8186
4180
8133
7182
9258
0052
7346
8292
8169
5879
1860
5413
8806
3960
3051
5844
3432
1262
6569
8139
3449
5574
3630
5392
9283
5668
2162
4581
1665
4712
1662
5845
8887
0151
5536
9722
4604
2056
4109
4019
2963
4699
0696
5907
0235
5490
0767
9422
5881
5017
9069
4639
3239
9611
7408
7726
5118
4825
3416
1654
6536
7042
1761
0766
9644
6132
3527
7957
5702
6910
6105
2955
9460
7589
0694
9714
6351
6343
3736
6384
6189
9218
6173
3496
8224
8456
7122
9251
7401
7503
9782
8819
7984
9587
9543
4320
2974
8970
6975
3429
9811
0931
6599
6816
7607
6641
7279
8633
9843
6107
2185
5346
3964
7702
8194
9103
4827
4648
3168
9155
4805
6535
3705
9886
5313
3727
4749
7214
4480
4388
8262
0377
0480
9234
9399
6419
5906
3506
3144
5915
2937
9250
7559
4800
4530
8443
4559
0032
9300
2981
0275
8395
9556
7795
9175
1682
3055
6358
1686
5751
5608
2495
4793
7573
8402
7073
2978
8716
0745
5794
1635
7141
7195
5615
5754
8734
8966
7489
2053
8174
7222
9254
8831
7492
9394
9576
5339
9664
6388
5045
5090
8271
3854
7562
4394
3431
4023
6243
9618
3932
6069
3592
3768
6208
3488
8527
7497
8217
4742
1840
8864
6062
7909
7099
5193
9035
6766
0757
8040
9803
7406
5932
9140
6196
3679
4479
6586
1629
6112
0838
7192
2077
9958
2270
4214
9024
7738
9271
8635
2072
9625
5316
3956
0843
8792
6159
3549
8663
7049
7075
5419
0792
0385
6473
0593
8801
7804
4393
8508
4193
8656
5850
8238
0968
0574
1838
7138
7334
6269
9236
7610
3657
3178
9297
6301
9965
9465
0047
5442
5694
9518
3063
9741
9474
3831
6038
3720
1072
4460
4883
9668
6115
0774
5722
8894
9084
6508
3520
3476
0886
1655
9610
0560
2947
0840
4401
7400
5086
7903
8615
7051
8143
7748
2943
9665
9060
0542
6952
5770
7053
9068
6082
5956
8503
0452
5044
7730
6983
8595
5587
6933
4468
8230
5752
4049
8083
3717
6591
8676
5948
9247
8863
4833
2158
9272
4918
0685
7611
0997
2964
9192
5898
5506
8107
0365
7318
6982
6820
7380
2163
7815
6802
7320
5734
7149
0231
3962
3807
5217
8958
0441
0193
8193
9049
1338
6085
9750
4429
4692
9575
0932
9827
5122
8937
4708
6550
8476
4879
2946
4954
6581
6857
7261
4517
6246
7124
6300
0437
4324
7603
0487
4371
9738
5178
9105
5137
8652
5905
6597
7127
6390
9005
9976
2948
4889
7956
7189
7165
8545
8883
7020
7518
5916
5968
3026
8045
8399
8319
6409
4289
9268
3176
9957
0148
3074
8190
6362
8905
5902
7640
4629
3863
6135
5767
4872
7807
9337
9737
3565
5784
3943
6449
8570
6028
7332
2940
8710
0833
5408
8938
8834
8906
1146
0735
4948
8795
4968
5738
4838
9594
7637
7126
5104
6418
6383
3631
3892
8435
7636
6768
7758
5958
8884
9656
4906
5946
8673
8346
3448
9368
4352
6436
8641
8375
6328
3905
0355
6276
5002
6864
8380
0647
0650
8614
8166
8100
5971
4686
0030
7093
4332
9094
7929
4431
9319
7937
0282
3588
9971
9751
6494
9430
6836
8198
6081
0643
9127
8622
3514
7449
9278
3731
8646
5816
4902
7388
6429
9762
4302
4683
5414
9727
7923
6281
2976
3379
5516
5601
5835
8157
8845
0368
0948
8962
0343
3916
6778
9437
7886
9676
7901
7842
3860
6214
7495
8902
2966
5619
3844
3660
8648
1843
8577
5038
0641
5067
8511
8434
8575
7864
4917
0094
7314
7633
4756
4042
7154
6818
5602
2938
8960
9392
9796
4022
9439
7560
3616
0946
6884
9890
8215
6972
3813
4056
8325
6315
0787
7005
6059
0057
4307
7646
5913
4720
8351
0390
9213
9748
0472
5207
9382
3402
4874
3974
6506
8304
3340
0053
6651
3404
7619
9174
9529
6800
8208
0168
3370
3920
4606
9542
9302
2971
8073
3771
8872
3918
4900
8534
3079
9819
0790
8730
4601
8413
9671
0865
3805
3979
4947
4380
6304
6133
5091
8763
6893
3981
3134
9766
4183
4967
5094
7985
8422
5979
5740
0635
1677
8590
4081
6773
9643
9401
1584
7507
3983
5072
9577
7920
8703
9339
5903
7706
7921
6108
8530
9561
7742
7650
6500
4073
4196
5311
5929
4534
3972
0739
6740
7354
9540
0941
3772
1674
6380
6444
4745
8959
3453
6774
4082
4915
9567
2953
5034
0877
3620
0339
9206
0479
9002
7599
6033
4930
6571
7157
0743
8535
7843
7544
8127
4605
5768
8137
9973
4998
4108
8532
4033
8640
9416
7203
3137
6570
6052
0056
9795
3998
4705
8057
6858
8430
3738
8132
9835
5990
7439
1855
9504
9217
0737
8712
6830
1743
5918
7342
7851
9828
6763
8816
0233
7792
6730
8053
4347
5607
8815
8637
3716
6037
9017
6316
5743
7144
9682
9383
9857
5548
6946
4039
7940
6392
9284
0669
3539
6605
9360
0166
9910
4857
0363
4933
4809
7359
9760
9651
3148
7644
6814
3992
6075
8401
3817
8187
8341
9771
6604
9391
6054
0467
4983
4403
0046
6907
7915
3890
0860
2861
3924
3543
4079
4973
3062
3135
9161
6883
3884
4318
0433
0534
9549
9058
7905
0570
0332
7013
3760
9342
6025
0768
4067
4735
8129
3763
9605
8176
6741
8276
9471
9930
7047
0284
9483
6055
9694
9381
4873
6079
9520
7376
9954
7032
7327
5164
6320
8251
6935
8948
8983
9453
3946
5939
7516
9335
4641
3912
0749
6181
0471
9414
8939
0465
9661
6220
9385
0971
8470
7816
5074
3349
9918
9144
0771
8180
8006
5901
3057
6138
8374
7150
2944
8583
8949
0173
6178
9172
4992
9952
0489
3550
5982
6898
5706
0779
7674
8447
7168
0434
6017
8450
8711
8161
7216
4471
7169
9280
4098
7660
0383
7134
0277
9861
0567
4072
9934
5096
3942
8841
9062
6076
6058
0662
3059
4913
7570
6562
5838
6799
8358
5778
8185
0037
9059
3766
4959
9379
0876
3922
8334
7065
9315
3870
0677
0942
8067
8330
5547
6348
9016
9670
6938
7207
7881
6230
7016
8353
6097
9585
9136
9314
4308
4097
7370
9164
0678
3931
8432
3088
5785
7934
6483
4997
8773
8371
7904
8306
0244
7760
9522
9624
0883
6764
2063
8618
0342
6906
4953
9019
7085
9729
8768
8349
8638
8984
9640
6361
8601
7057
9548
4703
9451
7033
9938
9743
6317
9204
4643
8918
9946
9613
7965
6071
4704
7918
6088
5616
5733
5440
3880
6916
4945
9461
8860
0583
9860
8135
4958
3073
9975
6087
0238
6415
7943
0184
4730
8720
8775
5917
0764
0262
0661
4843
6578
7161
7968
8407
9038
9602
