0000
5683
1998
2468
2011
1995
1994
3825
1010
2486
4321
7890
1990
1987
8080
1397
2010
1598
1515
1982
1213
1225
1979
2002
1233
1346
4545
1978
1717
1023
1256
1215
5656
1210
1974
1124
0214
2369
1919
1228
1595
3232
2662
2009
1219
4283
3425
1965
1104
1027
4568
1015
2345
1030
2005
1014
1238
1436
1127
0711
3214
0410
1432
1201
5646
2229
9632
3535
1203
0429
3434
2456
0825
1964
1117
0421
2016
0824
1102
0424
0522
1963
1019
0310
0215
0812
0822
1009
2277
1324
2210
1133
5673
1116
0316
3696
0626
0325
1410
0422
1960
0120
0407
2536
1105
1115
1430
1325
1006
0143
0405
0330
1298
2311
0319
0227
1523
0417
0527
1911
1957
0208
7788
1959
0315
1920
1592
0827
0519
7667
1323
2625
5522
5566
5625
0813
0816
0224
1961
0922
8484
2122
2442
1928
8282
1800
0619
3369
3574
5455
9988
6624
0419
1315
0802
1511
9224
7465
1910
0703
0301
0307
0607
4455
3662
2252
0205
0725
0219
5280
0704
5236
0620
0705
8669
3742
0217
8624
1954
2458
4224
2929
4253
0609
0702
1405
0207
2365
2665
1424
0317
1100
0803
2107
9137
2633
2109
5826
6060
0127
7277
3112
0916
0608
6868
2378
0209
1420
4769
3939
7532
0114
0627
2315
5326
5421
0930
3739
5357
1288
1437
1309
7139
1032
5802
2253
8991
6234
4265
1098
1508
3262
0728
2435
4628
3456
2723
9669
2389
2606
3575
5456
1296
1247
2604
0119
0003
0305
2204
1333
1923
0807
9653
2328
4556
0701
4679
0403
4343
4552
9000
6279
5369
2259
2485
2413
2864
4991
2812
2512
2201
1771
1413
7295
5211
3377
1294
1326
1947
1190
5874
2415
1611
3473
3746
5384
3012
1542
1900
1925
2541
2018
5825
4595
9856
9911
2480
2224
2250
7991
4663
2242
1538
9110
1320
1096
2305
5426
2808
2304
7867
8732
1904
1502
2912
0951
7445
7319
5551
2154
6272
9393
2878
2504
1398
7224
5208
4789
2405
9463
8998
4357
4223
4521
2527
2155
2316
2543
2030
8855
1327
2555
4554
1444
2467
1293
0551
1391
3745
2101
4255
2134
0777
5544
4411
9953
4527
4546
5152
2422
1670
1907
7117
2236
2266
9211
2393
0706
5324
2701
2624
1033
5005
7423
5852
5823
1093
2680
2358
1088
0099
7268
2248
1427
7588
6677
1395
5200
2710
1270
1600
4599
7895
2215
1917
6455
6239
2455
2457
2127
8226
0024
9428
1045
9378
5521
6891
9630
2542
7677
2612
7711
2805
1888
6191
2362
2329
1143
3614
1251
2394
4532
2473
2189
1069
6655
4234
4400
9511
5628
1328
2891
3917
9633
6656
5644
1193
2567
1913
2395
8522
3000
5747
3004
9969
5423
1090
5321
1732
3684
3255
1724
1480
2873
5275
1428
5355
3169
5422
1183
7233
1916
4207
7722
5966
1895
2595
7897
1894
4276
4512
2491
5888
3115
2385
1388
6263
6190
1097
3500
5397
2652
1721
2783
3572
8512
1135
5241
0990
1819
1589
6589
8963
9517
5411
1197
1176
1282
1867
3298
6545
2498
7682
9263
0089
3786
4004
3611
1068
6294
1094
2553
1692
5222
2499
4266
6299
2148
2930
7112
5221
4221
4426
3224
1706
7533
2400
3591
1084
0014
2399
2852
2548
6255
1588
2267
1273
3891
5274
1440
8486
1579
5659
2246
6663
7269
9292
3145
1835
7569
8898
1271
6988
7861
1852
5524
0085
2085
8895
1373
7833
1666
6373
7856
3639
3523
7464
5255
1753
5362
2290
7473
4682
5294
2676
2354
3247
4593
4949
3257
5810
7586
1550
2632
1545
0577
5296
1668
2150
8828
1691
6466
2451
3312
1607
6791
1329
1037
2562
8152
1156
7874
4118
6431
5672
5266
0989
3566
8513
7755
0858
6824
4846
1377
4282
7829
4655
1696
1150
0357
5259
6636
2856
4399
9922
7278
2645
0759
6668
6289
2678
1145
0874
1175
2079
8412
4533
5515
7770
6696
9697
0033
2446
3811
4613
2642
1483
4264
3218
4722
2607
3499
2664
8256
6426
2738
2709
9464
8897
4177
3151
1730
7488
2560
5832
6010
2656
4911
1450
4011
4373
3238
1063
7477
5723
8272
1429
0150
1371
2801
3410
8896
1678
5080
8191
1137
3862
0569
9879
1249
1497
2330
2844
2386
8552
2260
3422
7596
2935
2877
3027
4573
8969
3249
8908
1560
0250
6980
4477
3612
3411
7275
4129
6987
8377
4726
5404
1575
0695
1700
2390
3824
4465
7894
1877
0296
2172
6297
1529
8547
5610
0183
9699
2251
1166
9396
8588
2718
0889
4557
9900
5293
4245
4350
8761
5790
8324
1086
6357
2824
5361
1846
3694
2695
2898
0851
0965
9275
9169
9532
2028
2093
6442
4130
1334
3675
3529
3686
0015
4858
1036
3363
3240
3374
0895
9519
2478
8294
9851
3398
9858
5210
9113
5056
4734
8235
5446
8562
2280
5089
2793
5317
4892
1260
1769
4147
2048
4285
6587
5520
9418
6399
1897
5567
9990
4732
5269
7542
1527
6811
3237
5201
0585
2765
0163
4110
4851
3132
0197
4344
2616
9431
1042
5527
4063
6471
4691
9109
5839
8150
9793
9031
2054
5593
3187
6250
9114
3050
7496
4591
1742
5572
7572
2876
9112
1171
2151
3513
5827
1857
4709
1799
0071
0898
8111
2175
8138
6011
6784
8745
1261
5457
4187
2191
6904
1883
8052
3024
2803
6561
2853
6646
1693
8862
3405
3521
3968
4852
2034
8946
7102
5310
4216
2654
5120
9180
0770
4884
7247
2383
2494
3659
2382
1643
4690
6007
8921
5988
4158
3343
5023
2192
3396
9993
2897
6874
7353
6890
4963
8372
5430
5437
0798
1160
0051
5138
7311
2447
2575
3190
5245
7565
0074
4499
0042
9899
6854
7880
8907
3598
1853
0395
5735
5402
8866
8373
8005
9183
6474
2621
2183
2032
9919
3205
5276
8572
3015
5640
5135
5125
4138
8123
3324
4447
6674
0698
4701
9013
7863
3413
4470
5320
6895
9693
0972
7773
4300
4179
5498
3799
5314
9524
6229
5627
2091
5497
0580
9673
1152
5897
2894
1657
2479
7249
3391
4442
4725
8881
1541
0699
1754
7737
8403
3119
8312
4269
3650
4729
4626
1685
0598
6432
6925
0459
5502
3352
7041
8928
6314
6400
6123
8538
5030
3159
3583
9791
4295
3019
7622
3230
5709
6254
5880
4993
9989
8254
1676
4359
0869
0899
4463
9987
6686
8691
5391
2779
8774
9647
6355
3208
3158
1817
1697
4026
7416
0631
2986
9568
6327
7083
0345
3642
5818
4015
3225
7552
4762
8942
8274
5037
8659
5726
8296
0399
7328
8858
5877
5009
7310
2052
2196
6517
3138
9298
9409
8354
2918
9563
1572
5883
8805
4916
4157
1443
5714
3682
4246
3204
7133
9559
7750
1056
9903
5846
3433
2557
5543
8510
4131
5331
7125
6593
5203
3585
7282
1071
4710
4433
8136
7635
4859
3503
8229
5892
7305
4208
2952
9240
4367
7475
5114
2570
3700
6485
9780
5261
4045
3152
5680
3202
5518
8472
0036
3554
7988
3601
5475
9148
5360
4665
2031
8233
6298
7120
6852
4548
2516
7493
3683
1067
6353
2182
0882
3561
6971
8996
2832
2176
9914
6672
5851
0785
3557
5575
7417
7256
7836
7978
7258
1451
3316
9960
6223
6657
4203
4754
0565
7690
0943
2650
4173
3093
1163
8485
6817
2219
8327
5185
7509
5849
4816
3548
7358
5042
5131
5489
4518
4237
6985
9086
5471
8785
3092
5007
1564
4080
5024
5006
3789
0980
5238
4506
8533
9185
6974
4927
5649
7025
2840
9516
9892
1774
5388
4490
4364
8090
5202
4801
3153
3457
8293
2440
8546
8604
3767
0431
4962
7293
0176
2360
9020
5813
5951
1683
6188
7576
4010
7147
0953
9573
8474
3988
5077
4484
2687
8026
7106
4354
4787
6446
7597
3188
6859
0590
5058
3498
0185
3364
2867
4677
0788
3777
2339
1633
3341
5978
3219
5633
5126
3359
7220
3348
2033
5385
2719
5301
8854
6020
9859
9386
5204
8362
9904
0353
3129
5955
8568
6847
2675
5998
7357
6632
4366
0364
4369
7155
0566
9855
7703
4550
4336
4584
7480
6568
9056
4866
7179
0254
0029
7379
7652
3314
7219
7409
1076
6953
5987
4675
7500
9932
2913
6631
3270
6590
2954
4804
3342
0072
0959
2826
1651
5655
7534
9153
6718
2773
5330
0497
4391
1738
9100
8461
6790
2859
7003
9809
6616
7181
3784
9117
8112
4085
1768
4016
5340
6322
3154
7513
5021
0477
8436
5019
6397
9526
5068
4776
8015
8696
2744
9541
4450
2348
7077
7787
4576
2160
7022
6170
8882
9344
4796
4296
5473
2082
9215
0245
0496
7257
5977
5398
3320
6770
1850
9096
4383
3375
2572
7484
4140
7352
3661
0288
8162
5759
8281
0642
6244
1720
4382
6524
4502
1684
7810
7043
5534
9281
2655
4713
4860
6920
3271
3765
4519
8442
4878
0347
9066
0955
4549
8019
7620
6653
5957
5341
5801
3445
4951
9659
3530
9157
0270
0864
0978
9294
8609
7775
9818
9908
2845
7040
9037
3681
0027
5576
4050
7866
1639
3139
2092
1689
6841
6577
4870
6994
4348
4036
8779
7964
4425
3980
5651
6557
7801
6812
7006
5681
0362
4662
0532
2814
9822
9081
6396
5139
5182
3900
5053
6051
6659
4047
5630
3203
0247
6722
9704
6922
0180
4046
6997
6869
5128
9353
0966
3531
0271
5199
0140
6519
6257
8981
5171
4681
8729
9675
6385
6344
6447
5841
0665
6507
5270
5461
4867
3091
2340
5479
5194
3056
8746
6271
4448
7525
0083
0755
7704
4198
0050
9004
5686
9878
5278
0097
6813
6061
1057
8531
9309
7130
4186
7069
8241
7768
5685
9089
3182
3857
9330
6717
6192
5016
7794
5684
5875
2283
5581
1460
4667
0688
5107
2957
3161
9488
8042
3801
6158
9929
8468
0199
1534
7684
4184
6042
9690
8242
7643
2067
3497
8709
2041
7958
4314
4327
9354
9023
9007
3163
5417
2815
9326
6539
4164
3390
5828
9580
5758
3461
9495
7678
7802
3724
0671
6324
3394
6050
5872
7683
5032
7819
5049
6810
1762
9286
7183
2770
3042
2078
6435
1841
4760
9050
7618
6919
9219
4700
6951
4329
7774
8367
5893
5985
4438
8016
0092
9390
6877
9901
6329
4030
6582
3226
8068
4451
9845
4092
4461
8475
9241
6514
7004
4669
0572
5153
4882
4952
3534
0378
7818
8178
4633
8494
5468
8477
5910
0976
6313
4402
2139
0679
0196
0095
0862
0136
5298
5807
9299
6027
9566
5935
7728
9168
8600
0653
8627
6957
4608
4395
6445
4751
9320
4995
9537
6393
7948
9159
0186
3603
5549
6134
6251
7443
2949
7752
5162
2990
9198
9680
2922
9720
7038
8165
8427
6572
6887
3450
9906
7902
8625
0791
8321
0934
4887
9163
3604
8288
8786
2999
5940
2959
8605
9970
1861
8814
5731
9972
6111
9397
9290
8634
3127
7871
4449
6416
0539
8310
8708
8757
4942
7671
7631
4647
6713
9850
4668
6509
4487
6607
5349
6628
1546
2620
8158
6792
9307
4836
7001
3082
7567
7955
4362
4817
3797
9646
5926
3097
8414
7959
7972
4240
5699
4219
9400
5416
4715
8317
3867
7927
9131
8352
6934
0195
0068
6805
3085
7078
6878
6527
5063
0031
9363
8261
0379
1653
0491
1854
9709
8843
1778
8099
9259
7178
4847
4107
8340
7962
8237
6157
1763
8498
4495
0867
0557
2958
4313
8493
7973
2881
5661
6658
8935
3740
5147
5749
3861
9135
4409
7343
9590
6441
3820
8022
8657
8066
6608
9833
3718
7066
8249
6021
7925
7974
9774
8655
5504
0372
6146
4744
9820
6746
4005
6370
4772
9817
4007
9528
4905
5405
6574
9530
6215
8024
8616
4476
4538
0334
8827
3997
8639
9485
6364
0283
9423
8309
3793
9755
3485
7017
2617
9815
1757
1755
4929
6573
5886
9884
4759
9784
5783
2086
1849
8034
0035
8820
5570
8345
8706
5716
6476
9788
5772
4029
6387
9761
6074
0794
9695
9402
2960
9366
8437
7481
0562
0933
9133
6960
9507
7344
5961
6716
8054
0272
4508
6227
6219
6671
6280
9706
7849
7834
4923
7494
4093
7566
0237
7859
9285
0591
4167
3976
8550
8479
9470
6648
9615
5965
9047
1446
7564
3643
7967
3447
4148
0446
4706
1772
3096
8453
6727
7397
0872
6499
0451
3919
7329
9427
2038
7721
9228
9609
6844
0165
6460
0485
8589
0442
6503
5033
5036
8658
8619
0974
0344
7696
6374
8388
6183
3075
9235
3839
2860
5705
9350
6023
5041
3516
9936
6498
7026
4936
9499
3472
9384
6408
6118
7954
8378
4113
1681
0947
6367
7969
3186
9604
7450
3052
9564
7184
3944
5186
8177
4890
4084
0169
8980
8555
8865
9075
6932
0782
8156
8803
8153
0553
3906
4921
9968
3798
6094
8227
9560
5348
5941
6981
7330
3925
4436
3228
9142
6905
9826
0673
7938
8662
6851
8007
6825
3417
9475
6998
8952
9749
7976
4808
1374
8647
0438
5573
2936
4337
8836
3302
3781
7600
0648
9141
0093
7415
7987
2968
6724
8125
9735
3149
1554
0439
3045
4048
7908
7977
4008
9052
6437
8082
7028
6260
8543
9702
9267
7173
8986
0977
6145
6823
4881
5054
4885
5095
8850
9107
3881
8961
1782
7563
2734
9162
2939
8559
3173
6908
9071
6077
4615
7606
3143
6349
8396
6927
3607
2083
5617
7754
6808
4249
4105
7238
7740
0563
9126
3084
4473
7206
5167
8606
0964
2059
4368
9708
7471
6592
7163
4001
4182
6832
7018
8320
9238
4957
3856
6439
6099
7351
8796
9744
9421
0740
4009
9405
6705
3882
7504
9770
0335
0952
9237
5106
7010
6167
5047
7164
3904
9452
3877
0242
9372
0734
0398
7657
9312
7578
9388
6265
9104
8444
6104
7015
2945
8759
7091
9261
4908
3053
0839
5919
0533
9223
4714
6016
6136
0700
7199
0261
8260
8755
8168
9482
8126
8927
7174
2037
4702
5943
0656
8031
8037
9420
8930
0144
9521
3850
8154
8561
7614
8206
7782
8515
9547
7306
0444
9316
9893
7751
0769
4038
9106
9657
8799
8173
0482
0039
0748
3803
7735
7451
0573
9626
8415
9740
8027
8404
5817
6451
0179
8631
0397
7942
9739
9772
9158
8244
5144
0697
3978
0663
9916
9897
6894
7167
6702
8839
0483
0371
3392
9864
5099
8017
0744
8060
6826
6008
3769
9181
6782
3730
6489
6433
7917
7617
9935
4172
7996
9882
4493
7056
6602
4971
9347
0356
9607
5994
6340
9417
8847
5172
5933
9318
9476
8203
3955
9942
6171
4864
9645
8405
9274
8029
6853
9304
5927
9591
5949
6148
4946
0939
8496
8448
9601
2841
8331
9736
0091
9838
6834
6182
0461
4481
7835
5039
9404
6712
7036
7060
9717
5507
4489
3041
6786
0181
9967
0674
5073
0048
6403
7490
8951
8861
9478
4396
8063
9767
6067
7162
8049
6697
4771
6804
9067
9134
9308
7092
0835
6649
9617
8817
0736
5983
0448
9443
7303
0765
4738
9759
7371
8613
5944
8141
3039
7813
8098
0659
6967
3802
6753
8179
3898
8305
9629
8106
8671
0733
0466
0638
9484
6881
3439
6036
7349
0649
8044
6381
0970
7517
6700
9343
9406
0177
4090
6012
9151
9479
6840
6093
6187
6083
0259
0670
8076
3959
0537
9718
5788
0775
3460
5945
4716
7803
6846
8997
3938
9839
8849
6862
9862
8303
7014
7059
0281
8419
7930
6402
9079
5981
3929
0276
2751
6046
6747
7431
8204
8719
9266
9678
