2580
0852
6969
9999
3333
2525
4444
1122
2000
1414
1992
1478
1470
1230
1985
1221
1123
5252
1231
1223
0420
1977
1121
3570
2684
2589
1254
4242
1593
1975
0911
4567
5253
1001
1232
1818
2626
5225
1976
1031
0909
2326
3578
1970
1220
1289
1217
1021
1016
9696
1120
0987
1114
0425
0426
2003
1207
1025
1126
1204
1029
2004
1218
2007
1004
1206
1229
1003
1226
0528
1962
1103
3579
0110
2223
0525
0723
1008
0220
1314
1492
1456
0008
2850
2015
0427
0623
2312
0814
1369
0823
7536
0303
4523
0202
0423
0913
0414
0610
0524
1441
0314
7878
2258
5588
0323
0313
1580
0721
0121
7474
0124
6699
0920
0428
0406
0128
0831
2510
8487
8800
0709
2411
0526
0402
4848
0213
7412
5433
0225
0727
0826
0115
3669
0914
4578
0616
1199
0917
0929
9870
0327
1475
1433
3211
0324
0206
7070
1312
0129
0216
2511
0416
0714
6669
5464
2412
5525
0502
2058
1402
0413
6275
2868
0102
2581
5472
6767
2500
2021
7979
0726
2125
1953
3719
1192
0113
0218
0418
1712
0880
0322
0719
8523
5698
3663
0516
0918
9874
7673
5626
3652
1922
2113
7171
8674
1956
1569
6283
2333
2111
4256
1952
1509
0013
1594
0718
7899
2410
1322
4587
1516
1310
1243
9119
2564
1407
8808
2213
0629
0302
3141
5254
5483
1535
0306
1147
1285
0830
2524
2811
4123
1453
0022
5282
2232
1307
3654
2558
2287
1811
9191
0618
2432
2131
4355
4826
2559
8462
5111
5959
2334
2711
9875
2102
1711
5264
2810
0741
4862
7425
5963
1189
1943
1522
0106
1291
1623
2522
3695
2202
2243
1903
0603
5224
1286
2321
2404
8181
7924
1810
5500
2608
2114
1513
1297
1035
3645
4258
5577
2509
1525
1728
1301
4462
6523
5869
2474
1518
0285
9513
2269
7799
5859
6463
2722
2115
2309
7535
3577
7873
3253
7424
2120
6842
5693
1500
2275
1092
3573
1941
8822
6248
1931
7391
3971
3233
5226
7337
1418
5635
1905
1498
8910
0187
2544
1892
1191
2403
4229
3321
2911
0107
1375
2141
2366
1306
3125
3179
4588
9991
8769
1881
1507
2276
1434
8762
3330
1396
4328
2910
2482
4454
1385
2397
5847
1896
4711
1277
1789
6325
2220
5652
2419
2119
2265
0023
8253
2445
4311
2300
6352
7809
7426
2245
1066
4649
2704
0753
8525
2433
0582
3332
7699
5246
6284
2514
5523
4152
2802
1887
1131
5878
2745
3658
2289
2909
1585
1688
3833
4561
7452
1927
1565
1438
4377
5654
0246
7656
2733
2635
1567
1803
3216
5295
1159
5272
1531
5487
1304
2178
9963
2507
5863
4201
1723
1246
1690
3254
7852
5492
3600
1366
2658
1368
3525
2989
1559
2140
5565
1263
7414
2064
7744
1715
1822
4267
8118
6688
4869
2218
5213
2594
8463
1587
2302
1627
6292
1151
1389
1292
1179
1714
1671
9317
1620
5109
7267
4231
1741
6936
1355
3108
5363
2566
6776
5364
4250
1924
6366
5809
0025
5469
1394
1934
8267
1095
7274
7428
3553
1154
2497
7845
4522
2715
7887
2318
2643
4279
6006
6667
5214
0786
2991
2337
5051
5248
6528
1889
2228
7243
2688
0550
2888
1946
8410
5624
8283
1750
1268
2025
2146
1602
4226
1792
1725
5658
8791
7321
9376
5488
1798
6336
2782
5412
4582
1295
2807
1630
2417
2518
1370
5271
2531
1276
1459
3337
8295
9449
2264
2703
1465
1054
2352
6522
6546
2823
7469
0004
0006
7538
3293
5598
2414
8469
2571
2128
2179
2476
2483
5100
2825
3325
6242
4112
7997
1795
4251
9371
1938
2602
4780
3246
2906
7225
5154
1087
9021
1344
1365
2895
2600
1196
7265
1574
7288
8733
7772
2247
6866
4815
2418
7110
3309
4736
2623
3339
9652
4791
5529
6977
4151
7707
2278
1813
7080
9962
3866
5265
2295
3526
1064
1930
4262
9779
3599
3589
2593
1829
6644
5569
1806
0855
7245
0016
2359
3710
6323
2138
9623
5554
8291
6845
2615
1875
0096
2156
1164
2463
1716
3235
2837
5101
5676
0857
4192
8264
1828
1053
6611
8188
5513
5312
8826
7253
3478
2631
4586
5127
1549
5582
3353
9641
2893
7259
2698
2714
1050
8297
6110
5711
5427
6423
6066
2820
0888
2800
2890
5474
7747
0900
5603
2372
8889
7553
1240
3191
5669
2540
5351
1034
1454
1392
2168
4218
4117
5268
4233
3522
6457
4812
9433
3491
1172
4765
5060
5663
7478
2534
1874
0230
2879
4298
3243
9570
2149
5467
6966
4210
0138
2459
6345
6389
4106
4120
9178
7783
4542
2434
3424
5695
0588
7723
5334
4239
1376
3712
8587
3455
2903
8597
7791
2281
1085
2556
1140
6652
6233
3568
7854
7528
5899
6224
1744
1777
1935
8689
4281
2396
4536
0456
4631
0010
9981
5395
2551
3383
1578
2596
5389
3576
4142
3285
1694
9115
8420
4104
5476
1845
9596
3287
9432
8556
2297
1360
2692
2026
4124
4247
5110
1348
4824
8596
4230
5064
2657
5335
4994
4622
4254
1642
6428
6639
2443
3241
6201
5156
7664
1318
9269
5105
5229
2190
0854
5769
3389
8159
7262
2429
3313
3206
2760
1073
4544
2261
5679
3687
9915
9944
5894
0252
5001
2886
5318
9807
3357
5478
7090
0044
2087
7526
6268
7386
2060
7521
5763
1837
3315
2835
7717
8290
3102
5140
7333
9854
1614
6162
2731
2461
8999
9805
5159
7096
5085
2847
5108
8467
6621
2161
2044
4486
8429
3128
8228
2777
2377
5532
3512
4412
4144
4727
1695
8428
3386
8452
3430
2239
2746
1081
5327
3965
6488
3426
7021
9357
2065
3757
7587
9425
5612
1265
3058
6915
5383
9177
8411
6964
4746
1178
1381
1065
5688
3338
5260
5589
7289
9273
2237
1553
7980
8692
7952
5227
4159
6273
3443
2573
8025
7172
1051
9887
4768
8885
7476
8623
7455
4155
6626
5596
0692
3544
2450
8563
2732
2931
8086
6420
5697
2177
3613
1783
1663
9931
2338
6310
6921
0795
7396
9889
2672
1487
6990
5336
6598
8258
8313
1786
8695
1632
7485
3123
4539
9101
2464
7551
5836
3758
4323
5493
4133
5352
5834
4469
8811
7232
7966
1644
6691
8089
3558
3436
6286
6237
7687
3319
5401
5356
2099
3146
3054
6993
2167
3632
8524
4623
3933
3913
0654
3782
5600
8075
3649
9377
3875
8338
9014
8489
9229
3828
5257
3787
6515
4505
3753
5380
3468
7142
5666
3911
3489
3395
5962
8119
2371
8491
7724
3421
7276
4392
5449
4752
3785
3966
3834
0589
7693
6231
5438
7301
5379
1062
8857
9798
6497
6945
9375
5197
6849
0171
8102
7862
6347
0043
0540
4408
8877
2774
2293
9912
0599
2069
0559
3788
2753
4464
2291
1672
4853
7655
9091
7190
7395
4899
5328
2370
3207
6285
5967
4065
8728
8892
1699
9011
6856
6772
9282
5496
9786
6337
5215
9598
5799
5642
3648
0059
3464
9943
1787
1659
3081
5130
4024
8240
5920
0780
7244
0586
7615
2880
2619
4407
7700
2164
4301
5410
1349
8211
5052
9823
3018
4116
9220
9896
0581
8284
4976
5409
8279
8976
6540
7628
9450
6002
4163
7100
0192
9467
7808
8012
0017
4666
7360
8988
7365
9477
6411
5710
3670
7695
5142
3280
5250
2781
5046
5102
4507
5866
1561
6253
0299
4212
3184
3987
1372
4185
8632
5986
6687
3016
6478
8873
4898
7694
0490
8379
4398
7499
0164
8566
7936
7568
8504
3095
1882
9322
0191
7579
6382
7632
2771
6650
7764
7647
9654
4777
9888
0986
3982
8993
4823
8727
8742
2671
1760
8232
8011
0793
8210
1517
4315
5078
7438
1161
9489
8280
5119
2361
7857
6259
3952
5876
8131
2923
2090
3735
3025
9593
0950
0758
1075
4935
2173
8953
6968
3415
7841
4225
0145
5848
7437
5121
3299
2967
0687
9505
4150
3540
8247
1765
1383
7175
4932
5509
5370
3347
3858
9025
7185
4645
7466
4404
4570
8607
4432
7419
6117
6413
7377
3923
5614
3941
6583
5609
9552
9095
2768
8749
2706
4498
5189
6034
7583
9092
6959
3582
6512
0594
2039
5611
4979
4616
1461
7713
4855
6185
4840
4054
3815
3281
8219
7215
7202
7593
7998
7545
2900
5613
7870
7248
6781
6681
9863
3458
4331
3689
9634
3397
8151
7113
3029
7781
4750
6785
4618
6642
4782
0041
3671
4491
3542
7914
6193
3441
5196
8130
6378
5631
3830
4901
6931
9120
8684
0494
6467
4842
3469
6072
2084
0132
9426
6695
7876
2520
0454
9824
3408
0996
9688
9199
7547
6127
6822
5198
6516
9941
8332
8431
0544
1070
0280
4304
9880
8382
8273
2842
9769
2349
0691
6835
6468
7820
5737
4294
8821
6689
9481
2076
5491
5315
8919
0887
6303
8875
9462
5031
2969
5374
2375
2614
1060
8459
3517
5692
8574
5976
9956
3035
4472
3665
8541
3136
1153
4077
5677
4978
9986
4259
8348
6534
2819
0174
3748
5230
4770
0958
9454
5882
0266
3189
8529
6777
5183
7054
9003
8301
8909
3975
5132
3800
9606
7621
7577
0149
9768
5578
9733
9132
9715
7378
9070
6795
5560
8328
9188
8694
9167
6986
0832
0460
0175
7745
7651
7554
2075
5436
0686
8651
9324
5048
8385
7284
5035
3725
4272
3602
3837
9842
8046
6973
3185
6796
2874
2166
8581
4985
0157
7872
3936
1638
8979
0672
5157
3440
9902
6732
5092
0264
4644
9226
4636
9538
8028
9775
6210
2979
8920
3400
7407
0760
1167
4831
2661
6198
6154
6728
7188
9410
8542
5804
2576
3501
8683
5378
9147
1767
3714
9334
8397
9992
2376
4176
7230
8626
9287
2997
9502
6103
3847
5605
0141
6029
5604
6553
3751
0861
7194
7612
6594
8813
6588
6139
6801
8967
8904
3729
8103
7608
3761
4661
8956
5015
2987
7982
8867
7387
4937
9497
7204
7454
9907
7626
9227
4696
0248
8567
9407
5792
4257
4134
9569
0552
7148
9408
3098
9692
6761
1046
7404
1558
4102
7692
3845
2776
7034
6619
7291
3022
9544
2988
6513
8163
8810
8537
0346
4839
6149
0640
5741
5517
7846
0359
5129
5728
6179
0373
4060
9130
4041
0633
7648
1759
7062
6372
7591
3609
0038
7024
4419
9365
2871
0488
4748
7935
7556
0564
1148
6493
1637
6160
3947
9763
0076
4886
0286
7453
7240
4390
5480
4071
9424
8202
7086
4893
8387
7347
4697
8495
6505
0681
5842
4579
7491
4741
8361
4035
9202
7270
5730
5561
2767
8245
4478
8737
5719
4938
3928
8617
6305
6831
5088
5912
7196
7457
6552
2857
4457
7858
5539
6889
3796
6976
9790
4440
7658
8460
6030
9186
5390
5562
7132
6679
6558
3848
4385
4309
6218
7960
9415
4807
0468
2062
1448
7844
6612
7786
3090
3538
0293
4687
9974
5173
4191
3795
8218
4165
3776
0660
3637
8359
3808
8540
6443
7543
3560
8079
5691
0956
8602
8451
5308
0541
0575
3762
1675
8335
9867
6613
9672
7058
5756
0133
6759
5773
5571
9813
9212
3816
8598
8289
8798
2926
8548
7307
9057
7999
9362
2331
7009
4418
9093
8182
4834
7574
4743
5451
8231
6871
6221
6819
8653
9711
3094
6128
9152
7304
5444
5371
4896
7832
3707
8326
3638
6330
7680
9108
3951
8851
9806
8704
8266
6794
8381
9533
7705
9170
9705
6765
4919
0172
0579
4657
5281
7011
4100
4096
4806
9249
9116
3175
9589
6414
3754
6197
9435
9503
8458
9195
5439
8929
6775
6714
4058
7571
9242
4956
6719
8189
5071
4910
6756
3842
8747
0336
4238
7315
4137
0049
7208
3037
4764
3442
7817
7505
7205
1764
7613
9814
9336
8201
6404
7064
9441
6116
0664
3634
7442
9493
9757
0936
8551
7421
3859
5921
3914
4818
6754
7868
6797
3477
8505
4670
4459
6645
6918
7046
5793
0571
9197
5191
0158
6164
4965
8145
9584
0278
3930
9361
3775
5160
8071
6057
9301
5177
7840
6738
9660
6504
9726
1868
9873
0469
7218
0834
0680
8160
2649
6520
3827
8753
4761
8147
4966
6762
4103
7806
7715
6684
2171
8392
7393
0392
8497
6319
7629
5717
6068
3508
6771
4095
6575
9804
5350
8874
0263
5216
8797
3382
7074
5776
0062
7510
8065
6617
4099
9207
3038
0375
5381
5724
4374
3087
7995
6929
8539
6709
9781
7855
6978
5026
0584
0156
7945
6748
4342
7446
9831
0443
5441
4075
8104
5145
5764
4346
3617
7798
0470
9557
7907
7221
3849
0290
4032
8473
9637
8445
8084
6102
5761
4503
0846
4672
8134
9340
7044
0170
0538
9546
6151
6140
6839
4980
0944
4960
7756
6690
0842
5219
6461
3703
3564
5837
0473
0873
9913
9730
9374
4014
9205
6837
7634
4926
8838
6184
7039
2920
8781
4640
0486
8384
7639
4671
7900
5803
9480
3879
7796
6377
9306
4088
4195
8480
5629
7081
9412
6168
8093
4351
8987
5984
8829
9486
2980
3774
0493
8748
8660
3427
6395
6618
3990
9027
7197
7649
8776
6603
3908
9074
7151
4731
8743
7508
8406
6576
8014
0295
5065
0194
9765
9356
0484
6501
4086
9545
2941
2924
6434
0995
9979
7790
8394
6787
2984
8964
6326
1667
3708
4384
9689
9655
0376
1647
7242
9508
4614
3183
6710
0257
6733
6043
8070
0267
7324
6643
5713
3994
7602
4955
4381
6961
9166
3605
0432
7177
3896
8842
6156
7460
8342
4961
0481
2761
0940
3165
5739
0463
2970
9331
5020
8216
2965
8117
4083
5795
9328
8033
6676
9840
5018
5931
7402
6153
9216
8724
9608
7725
0781
3076
8408
7088
6129
6479
9208
6670
6332
4642
9028
7763
8968
6888
8061
8544
9022
7939
6106
5406
4069
6407
9747
9816
0868
7759
8018
4854
9745
5937
9419
4057
8517
7953
4877
0984
9844
0060
7910
0139
8840
6013
8094
9053
9926
9562
8077
7097
7630
8974
9380
4317
4940
9756
7103
0153
8363
7176
6518
4028
7971
8972
4074
6440
8056
8576
8620
9122
6902
8940
0657
5332
9065
7019
6725
5744
6743
8830
4674
0847
9920
9097
7719
0776
9792
5040
5755
9586
0973
8879
7970
3779
6089
7030
0756
8048
1736
5081
4531
5070
6875
8932
3749
8713
6176
8298
4078
8666
6155
3174
8667
9947
5938
6739
3961
7338
6551
3873
6096
4389
9338
9026
6174
3871
6629
6850
5871
3778
4907
9034
4941
0239
6944
8175
9716
9487
4405
6065
6596
6949
7932
8064
9937
0370
2994
0464
0578
9883
8506
8449
8278
8417
6870
5027
9837
0849
0268
8917
6828
6113
9648
5748
6216
3702
8612
0772
6701
0761
8784
4027
9848
0256
8087
4446
8003
9341
4717
6640
8731
7061
6045
6755
4062
3072
9044
8418
3874
9329
8661
6204
8846
3406
7079
5765
6735
9847
8164
0773
0338
9949
5097
7131
8740
9043
7483
7906
4617
6793
9754
0636
6018
2870
6537
7558
3836
8481
8097
8936
0762
5745
6843
7850
8772
6131
6948
9734
7166
8030
8329
0600
3864
3678
9348
8464
9783
0848
8678
3734
8630
9323
8714
0358
3484
6848
9072
6821
0455
7067
4903
9403
8499
2174
6091
3945
8916
0449
0658
0675
7993
4909
8780
9642
8209
3704
6143
8171
7027
4718
8146
0844
7055
9230
7430
8344
6175
9776
6070
0475
8116
6022
4924
7981
8277
4988
8307
8339
7616
9033
3989
6095
7116
6803
9429
6809
5148
8922
0350
3067
6086
6806
7502
8337
8853
9351
9679
