1111
2222
1379
7777
1999
1590
1313
2323
2012
1973
1989
1988
1472
2001
2424
1984
3690
1739
1258
0123
3636
1969
1937
1020
1981
1425
5150
6453
1972
5050
1214
5858
1112
2846
1012
1000
2828
2356
2008
1452
1208
1222
1216
1966
1022
1107
1129
1591
7926
0007
1967
1209
1002
9090
1616
1028
0666
1205
2585
0321
2211
3693
4646
1202
3030
1109
0511
8989
0311
5639
1128
1599
6363
5432
2588
3699
2587
5689
2569
1411
0624
0130
7448
2582
0415
4747
5953
0512
0789
5853
0211
0523
1471
1776
0101
2332
6262
4565
4141
5283
1958
2200
2288
0223
4673
5353
1570
0821
4763
0318
9731
6996
1278
0710
4560
0621
0731
5623
5366
1400
1950
0514
0408
0809
9898
0226
0329
0628
1532
0430
0715
0819
0529
0320
0919
4562
3210
3571
6464
0531
8675
4563
8000
2526
0212
3366
0828
2460
0112
0912
1530
0309
5477
1707
4566
2426
1908
0326
0801
5263
1155
0530
1269
3791
1812
4580
0122
2124
0804
1134
4564
0708
6274
9225
0928
0924
1404
1359
1303
0963
0117
2303
0601
7467
0907
1718
0720
0131
1421
9455
8787
3737
1474
3194
1200
0829
1948
4589
0401
0903
2501
2110
9512
3691
9595
0108
0105
7531
1416
2221
6543
0896
3323
1912
0104
5552
0409
7264
7676
3580
3256
0201
0602
0908
1248
0604
5991
1906
2103
3269
5425
5665
1169
3212
3733
1505
0630
2469
1080
8852
1520
1422
5289
4653
7530
1909
2355
5233
1350
1825
3010
0605
1921
0820
2523
1321
2408
3265
0622
5337
1801
3266
2105
2274
1808
1253
3215
5465
2610
1132
1399
2263
1317
8558
5394
2427
0617
1300
7898
2262
1241
2506
3110
4209
2188
2256
2299
3569
2235
7456
2584
1914
4286
2307
1401
4525
2234
0118
1431
1380
1188
2384
3213
1519
2322
1479
1316
6424
1823
8765
5854
2106
3590
2430
5232
3113
3121
2513
2100
0005
6698
1949
2108
8246
2436
0904
1555
8055
0069
9852
2465
2448
5333
7946
2282
2104
4488
1503
2488
4456
1250
2470
7111
1617
9658
6452
7825
1807
2133
7539
2747
1702
1499
4637
6321
1198
5556
1284
2797
5550
1679
3711
2208
1918
1583
5829
8789
4664
5462
2489
2142
8383
1805
9713
4260
3275
3474
3277
5599
9663
2622
2273
2205
1486
3222
6226
2203
1609
3234
1788
1618
3666
2226
6454
2809
2357
7411
2769
7734
2147
2335
9510
1290
1832
2702
0902
6600
1619
9753
5445
2806
1489
8880
1899
5387
1275
9631
1727
3466
7227
1340
4263
1279
2317
6264
0021
2409
2117
6252
5662
0070
2597
5463
3388
2992
6541
3596
5595
3412
1891
4547
2829
3344
2772
5279
4594
2729
7287
1815
5244
3290
1710
7283
6660
2537
5885
4119
4020
1536
5285
6161
5396
2599
2839
4620
1136
0853
1244
2296
6942
5558
7913
3195
3331
1791
5505
2363
3511
5969
8833
2901
4688
6532
2019
7000
4865
2342
2669
9173
1624
3021
7595
1539
1039
8965
7007
1729
1631
5292
3365
1339
1457
1745
1939
3547
1173
2736
2217
8771
1186
3618
1865
6680
2341
9187
2705
5083
4275
4868
2466
5251
5482
2298
2749
2908
1049
4297
4215
1040
7879
2344
1455
3199
6999
7273
1055
5821
1267
2549
2453
7733
2907
7800
7383
8020
6580
8723
5580
4598
1713
2628
4126
1387
3105
2601
9800
2717
3350
7766
7286
5452
5124
5526
4414
1390
8869
2637
1885
2796
5168
8466
2629
3279
7211
7778
0159
2227
3263
3999
5267
6872
2630
5972
6291
2538
4101
2484
8465
4891
5657
2024
8701
2686
9764
1557
3627
5798
7789
1839
6477
5466
1185
0891
3656
6833
3865
1332
0690
2481
1582
6333
7883
8526
1091
9321
2452
4590
2193
9264
5638
3822
2199
2730
3104
1586
8299
5995
3170
5645
9996
5789
3507
5010
2152
2674
4241
2431
1493
1770
0885
5373
7372
7537
7433
1149
9977
6989
4156
1664
6342
8250
6542
3467
4290
2755
6627
8668
7427
1898
1157
8269
3921
1467
0991
2780
6422
7137
6247
2401
0555
4500
4325
2496
4287
3546
7823
6495
2351
3462
1364
8912
3536
0082
4121
9311
3259
1464
5212
2659
4025
1272
1836
7769
1181
2598
1543
4524
6356
5291
7512
2666
2392
3164
8096
2319
0147
5510
7523
2998
2884
7893
5290
1083
7839
5486
8265
2346
1669
9801
3120
4685
1361
1442
4680
3133
3423
9257
1940
6769
3622
5636
8386
1673
1790
3852
3993
2094
8599
5687
3014
2851
3373
9955
2292
0243
2380
4206
2347
9536
4271
5667
3454
5864
5889
8425
6610
9698
2136
3268
4205
5564
6290
5753
0086
5205
0988
8488
2636
4811
7323
4261
9997
9015
8221
3100
6682
7557
9289
9352
7458
7892
3122
4424
7129
7299
6554
5431
1540
9832
2439
3587
2271
9099
4577
3668
5590
9295
8741
3114
2268
9725
2683
5840
1878
5643
1494
2249
2061
0393
2638
3362
3897
1566
6606
4515
6245
9985
9871
1649
3209
2437
2391
5022
4863
2775
2673
3937
7109
0078
7468
3899
3106
2735
9239
3524
7363
2487
2889
2927
3289
3563
7366
9222
5999
2739
4651
4244
5620
7322
2040
5559
5209
4213
4363
2681
4766
5857
1041
6120
3482
4274
4541
3868
2641
6647
3984
6559
4814
8172
1367
1794
4558
5501
4820
7689
5531
8564
7082
5557
4273
4774
5234
7654
3685
7762
3680
6484
3099
1915
5079
3301
1485
3722
3220
6654
8685
4169
3756
4220
9444
8705
7356
2827
5621
9012
4312
4810
4695
7418
6282
2921
9246
6912
5514
0850
6913
4755
2023
4689
9436
0279
1785
1330
2159
8756
8788
0893
5188
6947
3586
8225
9592
3927
9752
6970
5180
0547
5805
2785
8586
6900
3743
8593
1826
4779
5806
2724
0333
9600
3732
0440
0859
2977
7193
9825
5206
8654
9490
3644
0064
7140
8492
4003
1816
7089
7229
9951
3653
4540
4190
2578
7853
7432
5322
6421
1864
4293
8085
0751
7685
3629
8423
4897
4612
8876
4160
6410
1462
7714
1796
7653
5712
3556
9277
2750
5540
0548
7209
5375
1636
7422
0985
3292
3894
4607
6090
2493
9411
3414
2517
3555
8500
4222
1568
8687
1363
1386
4379
7582
6963
1058
4174
1824
2764
4299
6694
6003
2074
2791
2721
4154
9473
4202
7482
5884
5376
2950
7118
3841
4830
6287
3250
3305
4496
9413
7128
4441
3032
5305
2737
3372
1871
5112
5503
0137
3297
0300
5775
5584
2591
6256
5591
3044
1740
1646
9869
4497
4034
9279
7797
4136
4619
3851
6438
9982
9841
8081
0066
4844
8807
4248
1468
2519
5690
2343
1362
3002
7828
2216
4288
8809
8690
9853
7691
6101
8214
4837
8744
8010
7561
2887
4236
4694
8818
6911
9456
7281
8721
5428
2838
8091
7585
5113
2157
1758
4950
9666
6406
4575
2834
5242
1719
6903
7345
4252
0081
7884
4428
3641
7200
5249
1139
5025
7217
6625
3147
3393
6376
5831
9933
3040
9621
5059
7313
5393
1484
6465
6141
3109
5822
2983
2854
0549
9492
3996
3624
9636
7280
3750
2098
6200
0597
6267
5718
6692
2577
5950
0982
3744
6544
7294
7989
7822
3444
4017
2036
4821
3869
3752
4458
8699
2788
6194
5187
7254
7753
7911
6897
4356
1842
4437
9491
8650
3481
0754
8507
1059
4574
8059
4610
3950
3142
7951
8248
4453
6496
7882
5701
4316
9799
2640
0981
0945
1445
4181
4799
1641
4168
7784
9231
7869
0354
2975
9102
4513
8002
5450
4372
9891
7767
6458
4021
5415
9355
3593
5190
3701
2492
8832
8315
7698
5028
4270
9055
2696
5345
7252
5117
5796
4819
4977
8457
1872
8560
2892
5925
2836
8001
7420
3180
7255
0018
0291
3118
2592
9030
8926
0188
7584
3619
2933
7708
4145
4632
4386
8643
5707
7645
4284
7826
8069
6235
6917
0462
6125
9193
6923
7736
8509
7875
2725
3814
3843
7436
6100
4340
9582
5786
1737
5634
9980
9599
6295
9232
0297
7727
0178
3028
0161
7462
7152
8934
9149
9723
7382
3155
2660
3193
5012
3910
3846
8698
6109
0146
5508
6614
2029
5323
6745
4171
8197
6335
8490
0969
7548
9244
5637
4790
9691
0388
8200
1851
7114
9080
1746
4832
3889
0652
5429
6341
9578
4066
6939
1074
7459
6693
6346
3502
6064
0845
4602
4509
5887
0554
3759
3887
5996
5671
6430
7045
9496
2350
0058
9327
8693
8183
7394
3640
0253
4625
0498
1748
9683
8573
5660
6015
3973
9445
4794
2817
2716
2754
6482
3715
7095
0273
9054
4094
9627
3949
4684
5055
2651
6721
4504
0836
9196
5169
7659
7186
5771
4161
6962
8287
9256
8155
0152
0260
2618
3451
9087
4797
6838
3126
5134
9921
2644
9895
9156
0394
0682
2866
4875
6122
3606
3872
5960
4835
2934
6525
3065
9395
3954
9001
0841
3741
7180
3494
8144
7135
4002
8591
5181
5460
4535
7944
2863
9866
3308
3940
1866
9525
7665
3116
4341
7592
1336
7811
3080
3295
4989
0693
9245
7187
9808
6114
6056
4676
9243
4278
8870
5448
9574
2757
7115
8318
3985
5008
4175
8752
2972
2962
3329
9758
3615
4292
7331
8900
8995
3335
3306
6152
0352
0683
5865
9746
7675
0386
6715
7601
9924
4813
8679
4434
9288
9728
0063
6048
5579
7555
7498
0556
4788
0732
6685
6307
4415
0954
6360
7201
4494
3909
3083
5973
5675
7472
8782
8945
8994
4501
4964
6943
7580
9332
6928
1343
6723
0065
0134
3926
0084
3475
4828
8243
2915
3902
5989
4660
5365
7487
3360
3304
9190
9194
7524
3709
9703
8170
3810
0992
5358
6080
3046
7368
0155
6165
2961
8207
3070
1044
9925
9686
3963
9262
7101
8901
6331
7847
5890
4413
9885
6359
9214
4076
9121
0596
4149
3487
0251
5343
8715
8268
6137
5043
5696
8199
7159
3419
3358
9535
3167
4397
0034
0054
8455
2942
6901
8707
0190
0655
0269
0348
7541
3533
0236
2752
6737
9571
6708
5947
5082
3317
3823
6180
5750
5861
9539
4984
9785
8009
9048
7540
0878
4170
8393
7830
9719
7928
3036
8365
8553
9551
9398
6417
8223
9346
9345
4888
0961
5354
0797
8220
9620
5924
6615
5481
7922
9260
7515
9438
0381
7350
6760
6896
5777
6634
8770
9923
8672
8439
7731
5860
7718
9077
7831
0495
3368
4358
5870
3829
2919
0384
1660
7309
0870
7160
2670
3840
8322
5014
2756
8584
3061
9469
6450
5797
7605
3229
4153
8032
4982
9160
6391
6481
7888
7986
7623
8824
4135
9603
8205
3713
7709
8804
8726
6502
4338
7670
7212
7992
5703
6538
0387
9742
6899
4543
0875
5098
3198
3351
7076
5163
9349
7094
5746
9583
4052
7158
0232
8516
4387
8092
3770
6209
5606
3819
8957
8878
6147
1773
0366
8886
7941
6427
5727
8113
3504
7389
7470
9712
5725
5975
9176
9667
8095
0337
8947
0492
6711
9787
6704
3286
7720
8128
0341
5069
5519
4778
3438
8718
4783
0040
3318
4635
4059
6941
0453
0499
5175
6386
3677
3480
8222
8400
0576
0935
6249
7624
0351
4939
3192
6491
6212
4928
6024
8072
4128
8285
6312
5568
6206
4482
7638
4375
8943
6950
6892
8140
7236
7317
3361
8982
6142
4829
8973
6637
8722
9700
7241
9078
6207
9509
4802
5732
4303
8971
3378
5843
3646
3676
0684
4678
9252
2917
5583
6475
8777
1859
3066
7087
0763
3948
6338
2068
4053
8021
8149
8368
0361
4822
7916
8416
9387
8519
8837
9534
7749
3260
0979
8357
8389
9778
8835
5704
3166
6703
4146
9145
2096
6579
0535
8680
4721
5179
4707
0154
9150
8122
8364
7198
8035
9128
0993
3172
8767
6751
8259
8446
5814
6169
3479
9088
9085
8343
3878
4784
8236
6798
7765
9983
9978
0458
6630
5779
8758
6004
7213
4861
6472
5141
5407
6469
0561
6044
0783
8316
8308
7514
4018
7501
7237
9146
9472
8398
8440
5347
3162
8794
9154
8955
5485
8336
0067
3895
7716
4876
3967
3986
6487
6880
4792
0881
7837
5143
8750
4969
3957
4087
6486
5992
3706
5165
0892
4349
7949
0796
5774
0436
4922
5003
7743
8041
6734
9612
0167
9773
7098
4430
9830
6195
0645
6405
8580
5304
0241
6041
8058
8751
5922
7520
9063
7012
9849
8062
8390
6309
7153
4974
5964
0644
3428
4841
6530
5103
4439
5161
9442
4627
9325
4850
9364
7661
7107
9125
4443
6788
5146
8549
8977
8754
9940
3608
9794
9042
5720
9565
0983
0249
9018
6992
7697
9872
3888
8483
5670
6757
4483
9927
7947
6203
5904
4143
0747
9995
0340
0026
4339
2043
8859
7316
7975
6480
5914
7838
1658
4904
6124
6302
8944
4609
6937
4068
7701
9389
7084
7335
2925
7170
3723
9836
0380
6780
2057
9291
8578
6779
7440
4361
4912
0884
5830
3043
3885
4871
8300
9984
5403
3493
8333
3935
5997
8941
7506
9036
4934
6749
0595
9616
2047
5708
3160
5192
3594
4970
8670
6205
7251
7746
0445
0651
3886
8239
6092
9370
9200
4845
6049
8039
6752
0784
6867
3048
5970
9579
8913
4894
0637
6144
8700
3970
7340
8871
9029
3435
0746
0871
8931
8608
6783
9440
0634
5061
5909
9707
3505
3471
7123
0967
3907
7339
6758
8195
8013
4773
4031
7031
8554
6549
6860
0061
8109
9506
6490
0568
5993
6186
3401
7912
6533
9434
9829
5900
4914
7029
9040
8893
9628
9572
0160
3267
3688
9143
9677
7405
4740
2373
8628
3367
0668
7933
6306
6914
4781
8736
2956
6026
7549
6078
8594
5715
6563
7581
8314
4162
8924
6707
8105
6807
4739
9950
2073
4803
6926
8649
8409
9458
0478
5075
5084
9039
7814
0374
9051
0676
9203
0957
6729
6470
7023
7950
5782
4378
6623
2070
3068
7037
4006
6885
6815
7348
7308
4013
9303
9083
8454
3783
3034
8702
6121
6863
4061
9834
8915
7594
9061
6731
1884
8557
6150
8047
8735
5116
7341
0349
6375
6270
0994
8603
6620
9064
2758
6930
5766
3855
8196
8366
6063
5382
9045
8124
9724
1858
8438
7143
9945
8518
4943
9868
7191
4166
5087
6035
4037
9917
0738
7035
7156
0646
9468
4733
4972
5176
0457
8078
9554
9373
8502
9046
6040
6940
3049
6311
9588
7434
9138
8275
0960
9276
8950
4571
3901
9959
9006
4139
8914
0558
7848
5093
5302
0447
9076
8234
3835
4603
9165
3780
4330
6073
0937
7302
8441
6720
7136
9894
0162
1656
3790
9459
9581
7108
7367
8793
4634
8270
5307
4089
3809
0265
7668
6526
8167
9184
8115
0367
1749
4719
7403
9681
9964
3418
3977
6744
8074
7785
4944
0632
6318
5057
2914
3958
7681
0545
7686
5736
6955
6032
8051
6350
3876
4630
8478
9073
4043
5303
3064
9553
9619
6750
3446
8302
0536
8121
6053
3915
0543
4737
9649
7919
6098
4981
5062
5760
9446
8985
6031
0778
7104
3047
7761
8471
3403
8764
9367
0837
7052
0949
6039
8360
7385
4931
6706
9961
9500
9558
0639
8644
6979
6172
7063
6861
2066
4920
9447
9179
7048
9359
3747
8036
7250
8370
5923
8043
8954
7739
5930
3086
9457
9248
0752
3437
3755
6448
3934
5076
0938
8038
0667
6956
8681
7961
0474
5166
8760
6047
0400
7994
9948
6019
6876
5974
6084
0435
3078
6560
6882
7609
8356
8933
9358
9846
